007722
006650
006735
000736
005780
000310
005906
003347
008341
000789
002692
002438
003646
000449
009605
001553
004552
001548
005029
000630
006739
001875
006473
009879
008057
000842
006898
004458
006311
005286
007457
005198
002945
002896
006554
001889
002042
002828
000672
006858
007709
001057
001018
003339
000866
009432
009077
005440
004913
007277
005656
001187
004584
008644
008964
001633
007805
005987
003246
001850
009856
008647
001251
009673
001170
001443
001682
005181
001991
000838
002940
003132
002612
004675
007348
000117
004807
000212
007111
000877
005264
000618
006317
009311
002239
000349
002747
006237
009989
005106
004944
006472
005493
000041
004316
000759
009783
003226
006195
002068
008206
000331
004338
005391
002192
008073
006508
001584
008849
001579
007754
003943
008929
002464
002387
005129
007347
005246
008010
000302
000970
003610
009835
005501
004253
006669
007742
007400
006731
000097
003249
004325
004441
002079
009845
009690
002266
007918
000627
008467
008204
000190
007216
006564
000360
003189
009941
004298
001444
009771
003583
001744
009753
000967
007058
006062
004320
006081
004620
000108
001103
002999
002770
005217
002233
003942
007516
001015
000485
009413
009393
001737
002756
006930
006415
003424
005613
005852
007537
001831
006754
008223
002575
007779
008489
003634
003030
001442
005868
006349
007290
007987
002771
009631
007724
003037
009877
002413
002937
004009
007040
009235
006323
001404
009124
005330
002833
005229
003458
007729
006201
002546
000697
008208
006199
005260
009815
000012
004228
001733
003627
001445
005591
008335
008498
005020
005814
001913
005658
009123
009562
003584
000322
004968
008039
003317
002384
008438
008961
000831
001481
000251
003260
000450
009863
009508
009566
004205
005500
000086
009583
006833
004594
002736
007438
002012
009510
009378
005277
002731
001552
001907
007876
001619
009747
006453
004833
001148
002913
000148
006765
004597
007357
008804
008908
001193
001679
005826
002170
002632
005630
009758
009064
000263
007871
005479
008367
003077
009347
000645
002984
003783
000907
003001
006821
001408
002090
002627
006369
004507
002352
001276
005576
002959
008397
000366
006890
005148
004431
001363
004295
009698
000267
003793
001802
000509
006326
009711
004700
005650
003123
002360
007076
009260
007793
000745
004173
005263
004300
007948
006923
004290
000617
000506
001471
009335
001708
009819
009813
005380
002347
005690
007653
007344
001773
003312
006367
005898
003582
003643
006805
006988
001625
001930
006674
005230
002926
004932
008893
004381
000401
002402
000713
009880
006843
001397
007197
001289
003664
004535
009375
001066
002609
004450
002718
003768
003280
007868
004479
001873
009420
003619
001876
006615
004793
008168
003921
004405
007842
006878
008509
004367
000257
000173
000414
010009
001672
007789
005082
004912
003491
007063
007558
004765
003381
004358
008613
004678
007552
001222
001050
009537
003009
003694
000488
009164
006439
006053
000356
003503
000071
008572
000774
009903
007642
010050
007873
004277
000667
003200
002682
008898
004840
006377
009005
003636
003357
010068
003468
007328
008614
006667
009474
008999
006089
009560
008354
009119
005797
006995
005789
009289
007850
002183
000557
008461
007014
004688
007053
004959
006665
003671
009081
008078
002642
001953
001400
009887
005171
003109
003410
009674
003359
006352
001628
001652
003900
001965
007101
009252
006971
009108
005214
003765
005996
004112
003547
000294
005821
004902
003400
006397
006660
004601
002142
003536
007306
004567
002230
003718
008673
009181
000228
000045
005276
003975
007988
003631
003411
009141
001588
007206
002511
008725
009667
005723
000579
006566
008142
001356
006263
000084
010051
004881
002023
000274
002827
008281
001859
000844
003907
009421
007567
006131
003720
004025
004976
007453
006342
007241
008323
001322
009057
005655
006353
005071
003647
005318
007124
002779
003501
006704
004609
003605
009334
000555
002679
004454
006947
009951
008146
003401
002281
008015
003041
008173
007434
005625
010028
008189
005073
009377
004491
001843
000207
006581
008619
007039
009616
001958
005980
007721
003358
000111
009339
009584
005807
006727
008656
004537
008013
004619
005783
006327
007339
009852
007007
008799
009547
007780
006329
004447
000521
009085
005788
006627
006687
008767
005425
003177
002173
001058
009603
008728
001227
008054
003288
008212
001490
007659
007358
009036
000199
000657
004969
006224
002544
003369
001648
000402
007550
007225
004572
004871
005609
006021
000574
008361
003679
003738
002069
005339
003709
003585
008955
005600
001378
001845
008958
002185
004821
008007
002187
009991
006167
003602
005385
004689
001746
000107
000853
001137
006270
002315
008543
003552
010036
000288
005371
008810
004066
008216
004456
002294
000256
001465
007837
004248
002194
002077
008061
005149
007203
005487
008692
009319
003540
000684
000106
009787
007869
001469
004669
002539
009056
005132
009503
000094
008591
002947
008970
005596
004086
004062
007576
002950
006212
009155
001862
008158
007629
006621
003518
009090
007018
001433
007036
000046
002561
000636
007711
005199
005162
000857
001966
007503
001598
001392
009731
002398
005170
003543
003298
009876
008209
000602
000095
004757
001631
000572
004941
006634
008501
003875
005931
008338
004417
005825
004774
000920
007207
008812
005378
001910
001973
000465
006786
002927
003600
001201
008126
006804
007444
004246
000421
002998
009195
002382
003135
004318
006982
006885
007365
003345
009168
006746
005226
008246
009572
007408
005632
007363
007794
001242
002473
009528
000823
000447
006511
008264
002368
002262
005137
001039
006496
004268
009727
007377
006944
007192
001332
001964
006084
003239
001355
008551
004504
004327
004199
005016
004623
001673
009638
007236
007266
008119
004997
003670
001467
005510
008417
007980
000457
005037
002820
006005
000929
008463
008918
000542
003650
004951
000186
008280
009082
004716
004333
001436
000476
008986
002101
003769
006363
002675
009795
008626
004681
007914
003560
003870
004579
002790
000860
004948
000281
004143
009600
008530
007984
008628
008197
006157
008690
007916
004317
000499
009942
008063
004571
000162
008096
002394
008055
005081
008487
001891
006310
009676
002573
006165
006795
007766
005525
008832
005340
000440
006499
008574
000240
001574
007831
008386
002710
008059
002657
002758
007271
007660
003168
002106
004692
003257
003739
005122
009671
010032
001133
006965
009551
009687
009049
001359
006277
003278
004238
005362
006751
006764
008172
003884
003207
004026
000918
003314
006434
009239
002688
002783
006196
009980
000087
005231
008748
008067
009607
001853
009756
000221
000607
008100
001783
009736
002425
009355
007330
002862
006470
000432
009017
007428
003228
009476
001205
003497
008070
001049
008169
006775
009322
004154
003112
002813
007222
001385
003854
004466
001011
002910
008649
001318
009172
003557
003164
000468
002022
001718
007704
006862
009680
003234
009091
004271
002754
001462
001999
005513
005597
005311
000739
007799
006808
005827
001198
002733
005364
002300
005566
007276
007691
002303
003656
008510
005809
002711
006145
007288
002714
001814
006006
001406
007099
009367
005516
002359
006688
009066
001540
001062
002572
001159
007128
007877
003608
007033
007307
004830
008665
008615
005622
008548
009415
006108
005914
002886
001106
008604
002863
003599
002691
002821
009626
000689
008866
005847
000379
003751
004812
007341
009522
000047
000737
001110
003832
004503
000517
005167
004991
003395
000931
002171
005836
002678
001043
006134
004311
003145
000510
005520
009044
005423
005187
003957
003660
005551
003108
004477
008706
002252
007132
004094
000217
005842
005777
001848
004528
002165
000899
008587
006229
006012
009435
008994
009836
001323
001373
010039
005992
008027
005986
009774
006267
007373
004588
001368
004735
002968
008499
006346
001695
005735
008816
004622
003808
007608
006223
009209
007476
000585
006400
007781
008094
005289
007224
003303
003191
001916
007051
003908
009536
008862
002630
005791
004037
000118
002732
008593
008733
009773
009847
009145
007921
001291
007599
000260
009196
004331
003271
003524
004986
009757
002824
000778
000608
002643
001179
005240
002009
002014
003788
010034
002547
004007
002339
000182
008523
002120
005981
006083
000001
002072
009202
007534
003156
002412
005587
003266
007825
009971
005416
004463
001833
009651
006999
004722
006522
000892
004910
007763
010061
006133
002441
004010
007196
004349
007098
003801
006871
002011
009633
004070
009613
009943
007490
004888
004195
005252
003555
007725
005124
001314
003510
006086
004864
002879
000806
005104
001581
001370
001502
005095
005439
006792
000527
004684
006780
001929
006289
009994
003593
000512
004307
003910
008343
000590
008894
006679
001989
004252
001134
001421
006518
003869
007544
006745
001021
008718
003222
006466
007879
003454
000102
004483
002749
006023
001119
000335
003426
001482
004425
007454
004942
000942
002002
003961
001218
003522
004202
005861
003894
002720
002177
003597
002494
008215
009458
000835
008671
003391
006979
004027
003417
003838
003896
003615
008003
007218
006835
000533
006163
008043
002407
008282
009818
007708
002217
004879
005941
004770
001079
008151
003866
000305
007257
000500
005629
007279
008534
002116
001666
007304
002306
002275
009455
001621
006207
003227
007648
006655
005620
008089
009518
005012
009248
005651
006452
008268
004506
009637
004231
002708
009238
006261
001605
007429
004127
010012
000573
000419
008384
005754
004971
010041
004212
003879
003996
000044
007930
007507
008125
003816
008326
000925
003435
009154
003708
006429
008659
002530
009452
005855
002977
000394
000133
007107
006682
008597
007131
003289
009460
009516
001253
003888
003812
001108
002109
009306
009368
005223
007407
002403
002244
002357
007894
005019
001739
003216
004188
008381
009693
008910
008266
001440
008675
008668
009944
002942
001260
009531
004032
009171
000874
005869
006824
002286
008443
003447
006891
005089
005481
001325
006963
003126
000577
003662
007808
005925
008684
002216
006952
007090
007378
008436
002421
002131
008176
006260
008782
004630
004404
005084
008414
003067
007924
004508
000953
000247
008284
001714
004672
002704
008104
000994
005537
004540
000291
006932
001762
004575
004858
004361
001342
009604
006488
001971
004822
000338
003924
005934
008783
007003
004080
003240
007978
009356
009854
005708
004219
005098
000398
002333
001589
000685
000092
007932
006925
006629
005495
007059
008416
006996
003956
000323
006273
001271
004380
001486
003031
000146
005354
000430
001860
004366
006502
006203
004293
003244
003537
004378
005120
008497
000832
007144
009111
001854
009801
005627
001254
008040
004642
007823
002201
001412
003409
008761
004646
003839
006046
000897
004674
006468
005492
002195
002308
006725
003320
007687
007689
009023
004004
006726
009418
009679
000054
000958
003719
006753
008585
009372
007097
008794
000330
007589
002310
008453
003578
009216
004166
000723
008363
002059
006517
000324
000639
008583
003005
008817
003229
009689
000076
000522
007439
006978
006401
006492
009274
004134
009128
002485
008342
004457
004819
001851
007803
000828
009561
003146
004908
001350
000023
007045
000583
001488
008127
004647
004903
006873
003349
006216
001780
003472
001787
005574
005923
006272
007759
009028
003262
005595
004236
002829
005156
001456
008227
006846
006331
001094
000987
000486
008568
007297
005065
002582
004611
009410
000633
007023
003535
002381
003248
009662
005681
003748
009373
001376
008746
002611
010010
006183
003199
009929
000315
003688
008292
004379
002052
009705
002334
005396
005154
008870
007473
001489
007464
002899
007316
002540
008327
002411
003272
002902
004242
002939
005042
002400
004751
001026
000164
006593
005885
003973
001570
003581
007388
003881
004805
003183
009500
008848
009417
001256
003372
004364
000775
007337
004670
002658
008699
005675
004950
001234
004548
009519
007810
000939
008408
002566
008313
003803
000214
000845
002463
005916
002684
003337
003565
000326
007870
001505
004899
003806
009099
001101
007044
001414
008605
005988
000320
003673
000253
008891
002905
005544
008931
008333
006677
002322
005730
009940
004117
008304
001336
002188
006425
003139
000771
005366
005834
007461
009641
009048
003686
007797
002070
002507
006348
000295
004144
002178
007927
001461
006716
000704
000565
009791
005638
003107
005909
008505
009323
002665
009905
007405
006671
009956
004152
009408
004587
005594
000796
002746
003149
000014
001819
002093
001285
009517
003065
007881
007940
009442
001987
008348
005196
009110
006698
008723
009126
009070
006043
000598
000767
005055
007122
008629
007195
005961
004841
009803
002781
005261
000069
008358
007944
009614
001377
007819
003824
005678
004235
005455
008715
004862
003181
003789
005677
000782
004583
009770
005530
004072
007162
005293
005268
007048
005959
007071
004613
007474
006287
005368
005447
003176
000889
005744
008375
007943
008784
004536
007179
008419
008128
008495
004677
001509
008315
004394
007906
002555
006561
006301
004916
001710
004741
006668
005837
007607
002683
009254
008458
001496
007820
006747
004155
006255
002976
000160
003607
002019
006114
008420
003362
006955
002492
006815
009710
001510
003772
005886
007489
004174
007714
001328
000497
008047
007262
006969
008471
002588
004224
003623
002209
007901
005393
003800
008520
006743
009814
004087
003140
006049
004705
002641
000010
007231
009976
003221
000690
006461
000344
005344
002549
004474
000038
006487
009919
006573
006520
009234
002248
003316
003925
005419
007826
005399
001059
007531
000563
003254
002155
009655
007114
007261
000004
003531
004286
007908
008636
001257
003053
007472
002878
004428
001042
000979
009713
009837
009058
005583
001185
003843
007511
007171
000829
002495
005774
002971
001238
007893
006251
005715
005424
004101
003895
005724
010017
004532
002801
006559
000149
000973
003725
001761
008133
009488
009999
007305
009047
001671
003690
001494
007488
000738
002587
000914
008098
001498
004012
009134
008624
000191
006412
005779
002748
007769
009954
007815
000763
003255
006182
006555
003850
002823
005213
002046
009032
008920
002966
006582
003267
006567
007338
002806
009922
009136
002445
003167
001585
009337
000611
001763
005918
000622
007683
005528
006433
001483
008720
003006
004855
001879
000871
002952
000030
001437
007481
006630
002648
001593
001484
002051
000591
004054
009784
005846
009160
006048
004933
005142
001366
003238
006958
008028
006933
004179
001153
004972
002518
006126
007136
003594
003935
006713
001171
006498
008989
000613
006209
002767
009828
008235
007215
006831
001190
006474
008987
005150
007955
009380
004815
008229
009802
004206
001947
005569
006883
002061
003736
005927
004237
006560
007376
007470
008110
008081
001091
008563
005643
004754
007459
007526
005272
004399
005667
002830
009792
002269
000163
008462
009290
007478
005750
000003
002571
002401
002095
009158
009493
003799
006320
001719
000027
007885
002136
003100
000441
005790
007211
002911
006507
001243
008655
004953
001308
008362
005147
007151
003097
006814
000904
003917
005875
005645
002448
003251
008105
005209
009308
006860
007995
001698
009808
007784
007251
003405
000820
007269
008841
007321
009660
009177
002029
005250
006143
003569
001736
003377
004061
004040
001677
008956
002149
007989
006742
000665
003764
006490
001060
008701
009167
009884
006928
007364
003290
005301
005190
002818
006585
001639
003685
009664
007655
000436
001452
006816
009159
002951
000407
005365
001934
007972
006454
005405
002206
009842
002370
001657
002446
009229
006839
008502
006435
003004
003523
003023
004920
002237
001795
007484
004437
006440
001081
008299
001508
009374
003778
006180
007220
000881
009794
004632
000868
004570
007963
009204
008978
008553
001220
007287
008140
001951
007732
000244
000025
002270
003775
006215
003726
009867
001213
009959
005621
000279
000733
002317
004076
004738
001476
000471
006524
005734
010030
006269
006895
006881
007680
003710
007275
005032
009639
000189
007748
009063
009464
008484
008161
001794
007037
000439
008791
006609
007120
001423
009326
002491
000514
007610
002623
006884
009615
006380
004828
008388
007286
009595
003253
004455
001231
003175
009185
004772
009206
002442
003991
000232
002371
001908
009625
009670
006482
007690
001186
002408
000259
008876
000980
003331
009659
000983
003509
000714
007074
007187
006941
006357
002946
007649
003871
005983
006000
008514
005619
005494
002990
007440
004589
003197
004220
004476
006478
009232
009861
005172
000507
006436
006265
005248
009968
007886
010014
004187
008156
006291
009037
000123
008321
009425
006611
004960
001616
001410
004419
008603
001543
005585
004430
001640
007455
005180
008366
008738
006319
005661
002519
002856
010055
004192
005995
003437
010042
001933
003264
001877
003851
006160
002536
006527
004125
001545
004209
002633
007163
006257
005283
006144
000668
009734
000638
005978
001822
008694
007235
001830
006632
008329
003819
008025
000716
007054
001491
004124
002532
001054
008500
004846
008404
007910
007811
004590
009215
009071
001678
009343
001030
004060
004767
009902
009850
009104
002213
003589
006591
001425
006286
000374
008185
009331
002656
005718
009402
002866
000389
006956
008771
007946
009175
006864
007545
003036
007520
006784
003371
008769
009103
007919
002471
005775
007614
003157
006644
007336
001224
006423
009045
006785
001597
007034
003277
005982
001791
001940
002350
006214
002694
000610
008844
005536
008888
003530
006670
007765
003284
008300
001882
003014
006973
001480
006929
005343
001939
006922
004023
004766
000369
007445
008919
006146
002508
007119
009324
000744
004034
006455
003842
002013
009490
000803
000342
003994
002661
000058
005360
000902
005333
004624
007465
009696
005565
001192
009230
000112
006258
003325
005205
008184
007237
003571
004530
009096
003079
008080
000765
006407
004146
000671
008413
006002
002854
006424
005006
006335
006450
003611
001210
008831
001892
009822
006040
009739
006957
006529
006715
002769
004274
002551
007939
006750
008703
002191
008971
000460
005136
000078
004501
009352
009588
004448
008575
001337
001239
001255
007502
005476
007788
006120
005077
004157
001635
003360
000275
005877
010003
007594
000770
001169
003138
008165
008540
002450
004616
002674
004356
004792
004943
003375
008683
006253
009556
002449
000589
009926
000188
004243
001832
007611
005582
009483
007730
000660
000152
008316
005157
007062
006136
006832
002210
001949
004336
008472
004915
008990
004980
001365
004671
008285
004513
008871
008749
006481
006937
002363
008332
002128
008155
001020
000712
005107
008353
000753
000115
009353
004854
005904
009038
006822
000700
006575
003668
000040
001261
007209
001329
004285
009602
009542
002289
000676
008886
000209
000364
003574
009826
002640
002285
005867
003834
002027
000126
009210
004167
004371
001420
007905
008687
004348
002602
003517
006544
006174
007289
000050
009509
002616
008159
007804
002119
001178
008915
004449
009949
004752
000093
005144
006503
001615
008860
003064
008136
009574
002557
004402
009031
005864
007110
003059
009737
002981
009385
004102
002560
007142
007238
007055
005398
006050
003258
002386
003711
009030
006757
009469
010008
003427
007342
002903
002914
009361
004556
005262
008196
001237
001820
002765
009427
006007
002160
000698
003111
006013
004258
002114
000061
008319
009950
009305
007741
008846
001270
007174
009885
006366
000940
007773
004422
006097
009313
006236
001576
004911
002186
005973
004856
003544
002115
004104
001721
007382
004782
000960
007134
008899
007384
004020
006368
006607
001473
003865
005466
005985
009135
003459
000137
008251
005856
000293
000869
001070
006426
006709
002064
009004
005854
003250
008087
001335
007945
000837
007323
005369
000965
009755
005108
005105
001292
005009
007878
003792
007522
008637
004198
003022
003632
008558
007786
002667
006723
006966
000455
005844
008842
005712
004257
001586
005000
005436
002240
006888
001395
007029
008277
007102
007311
003516
009730
007700
003661
003035
002326
002766
004898
005975
009599
001612
007639
003169
006463
008524
008359
001195
003329
000592
001712
002933
008907
001306
005548
007160
000818
002030
005883
008579
008032
005291
002482
002053
007587
005994
002172
004214
008532
006031
000705
003699
004498
000373
004139
000306
004073
001568
004245
002260
002429
009011
003151
003021
003012
007320
002282
006100
001162
003048
008357
006779
005383
002936
009661
001265
000666
001181
000951
002672
003293
000469
009554
004605
003533
004845
004113
007252
007951
001279
006684
007061
009579
000887
003179
009297
007082
000596
001924
002558
008177
009179
003968
008049
002487
007597
006027
008639
009636
002047
004269
008396
002859
000564
004683
001685
007696
001068
006986
005054
000670
002443
004001
007697
004929
007084
007675
003807
005742
002336
005325
000156
004958
005480
008220
004909
007325
004401
000367
006393
000380
000073
004778
002727
005880
003893
008607
004259
005524
005693
004539
000220
008792
008486
006068
004416
002196
004403
002696
001241
009769
002087
000911
008371
005367
000139
002967
004799
007281
008977
008533
002122
009862
009285
005323
007130
007047
007535
006011
006471
008755
001793
005212
002440
005346
009349
004500
001448
002031
001935
007949
008578
008747
008324
001923
001554
008099
009816
000982
000496
000773
005563
006173
004019
008787
003481
001099
000193
001451
004750
001089
005642
007671
002391
004499
003446
007561
007950
009869
008263
009948
007393
006093
000249
004762
002897
007593
004042
006042
007022
009841
002181
009618
004596
003909
010047
008904
009263
009273
001127
004183
006887
009507
004527
004045
002424
008202
009969
009201
009386
009233
000042
006509
004963
003845
001346
000910
008773
000131
009961
007080
003291
001583
000706
008440
000566
004420
000948
004884
001369
001894
002875
005253
000472
008679
008379
000145
000484
002825
003625
009079
006189
007824
004574
008901
001269
008107
003473
004892
007718
002065
001351
006322
007676
008437
004650
003029
002123
008339
008538
002497
000732
004492
008422
005564
006218
006451
000276
000166
000116
002159
007221
008274
000282
001983
000810
003774
007056
006118
007322
008474
005499
005714
004544
007841
002562
002904
007095
006406
009778
003519
004978
003072
005838
002154
007487
004397
005026
009150
007829
007541
003477
001812
002876
000859
004891
002229
007514
001764
000165
005611
003489
008975
009749
003025
007411
009825
008627
008836
002020
002693
000175
008900
008996
005254
003480
008427
005761
000586
008947
006791
004197
000682
009859
000057
009020
003542
009197
010007
005374
007740
002493
005242
004121
004372
006711
009824
000963
003820
009967
008011
004739
000347
008394
001742
000730
005048
001034
006360
006676
001088
001750
006536
009459
003750
002226
004138
006504
001809
003722
007866
003307
008857
001646
004523
009115
006372
000426
002049
007770
009663
008625
007844
004082
000913
003158
006902
006465
006205
007768
005710
000227
004418
007858
001727
008549
009975
002466
006307
003715
007938
000628
000779
004230
004114
003564
001798
006562
000350
002056
007603
009481
004263
000731
000317
003397
000662
008150
004495
001549
000278
002729
002792
009601
001441
008691
003387
001275
003546
002103
004529
003194
008880
005358
007907
007153
006964
000385
007282
001002
007693
001449
009484
009345
007872
002874
006605
000861
008833
000386
000916
004730
001311
010040
004763
007664
009719
006371
002198
005747
002596
008347
004279
004141
009897
004687
000136
000309
004164
001902
007417
006030
009446
007346
008117
001610
007571
009788
000743
007077
001315
001330
006931
003114
007460
005608
008424
004875
004512
004057
007991
006230
005887
001226
001216
002591
002113
001606
008660
008308
002577
001772
009857
005964
000720
009116
002860
007068
002295
003930
001885
001927
003085
002666
008652
008884
002924
002489
006383
002943
005504
007087
008275
007000
002246
002843
002995
010029
003539
008965
006107
001102
001463
006232
008021
005115
005639
004974
009570
007549
005673
005526
000603
007849
000526
004519
007313
007731
001507
003596
004434
002881
005781
005176
000336
004410
009874
009429
009267
005647
006761
002853
000290
000255
007300
007563
008889
008873
008218
004411
002005
000811
005222
007410
004068
003553
004880
000235
001655
000376
003620
003187
007900
001130
008897
003263
007579
003683
005759
007641
009911
003757
009849
006616
008103
003659
006589
004309
003700
002224
004392
004255
005739
007920
000678
005299
006948
003576
006638
001821
005706
000236
002231
006076
001903
007719
006541
003936
000343
006147
002111
001748
005233
005570
009101
008921
008260
008153
009555
002715
005610
000560
008399
006580
004654
008823
006736
003874
008129
003378
008537
006510
003633
009300
001724
007712
008535
008576
003747
000183
001921
006297
004837
003695
004229
000081
001788
003500
000748
003422
001382
006085
001262
007739
006657
001435
001722
006649
003042
007442
009143
004796
003245
005545
003119
001024
009986
002524
001135
008650
006227
004445
005258
009906
006016
009456
008121
003162
009619
009224
002891
001700
006248
003734
009022
008680
006599
006708
006121
001411
002099
009330
004341
002870
000459
003933
009904
003682
005110
002938
005571
001426
007628
001295
009467
005093
006014
001688
001660
007356
003567
005623
006645
001898
003438
000725
009312
009365
009217
010027
003855
001799
007451
000132
005873
006838
006760
009000
008513
003743
002948
000817
002085
006528
002735
005191
004444
000597
006078
005027
008922
003687
005561
002595
002652
003038
004015
002654
007477
003835
006722
001792
002962
009318
007278
002351
009740
005411
003558
009161
004247
005857
002287
001235
009333
004905
010019
009725
006813
005237
005740
005100
005940
000333
007109
005554
001906
003849
002755
007263
002044
009649
009492
002963
007999
008305
003716
006620
005688
003997
008878
009796
007204
008452
006448
002738
000362
009397
004781
000788
002861
001098
005438
004737
006868
000797
001900
005915
001932
002124
009292
008175
005239
009811
003496
008322
007686
003270
004761
000614
004490
009907
006695
008060
003098
001716
007726
002622
002348
006836
001985
000696
007155
007592
004988
000009
004429
009594
001823
000949
005721
007715
001842
002941
005334
004659
007327
009379
002041
008198
005307
001649
010070
007577
007569
000664
002991
001977
001071
000271
001296
005896
000197
007743
001738
005080
005316
007351
009246
000587
007822
006801
007756
005035
005631
007657
008328
001390
007009
000017
000620
007672
005179
008033
007170
008508
001955
007775
003019
006850
001415
003088
006155
009146
005387
006837
004885
003532
007227
008522
009776
004896
002601
006976
002197
002898
000464
005039
004343
001569
002979
003692
002414
008372
004322
007268
002148
008951
000894
006530
002207
005518
001477
009320
004704
004990
003071
006648
007682
006154
002606
001184
000864
009325
001161
006700
006495
002923
006355
005567
006476
004388
005508
003116
001061
004427
009981
005802
010025
001759
005782
007580
008778
003781
004981
001126
006807
007596
004284
001813
004330
000170
008132
006643
003706
000964
007105
006123
008905
001886
002778
009512
002320
004467
002865
001651
003693
008972
001919
005588
009830
007448
004052
004639
006410
004347
006385
006432
004140
009078
004993
003379
006389
003691
002525
002067
005731
000482
005707
008109
009450
003639
008722
001434
001519
005130
005441
008945
004961
008814
007006
004109
001215
002834
004775
004074
003898
000872
005175
004110
002961
008421
001630
005765
003762
003000
006719
006639
007353
009029
002221
009928
007185
008091
000501
003125
005990
004365
001715
002420
008455
002397
001627
002953
008494
003860
004983
007574
005074
001786
002404
006138
002513
001766
003152
009984
005749
000151
008567
001479
000520
008291
007414
001348
001998
003341
000245
007366
004870
009461
008250
002134
009074
003099
004003
008830
000675
003821
009781
003081
007199
004962
006602
003919
003912
007913
008621
005635
002468
002307
001427
001168
007013
008401
006975
000896
002227
005717
007452
008512
002670
002458
000567
007993
006098
002328
003796
006577
005573
001384
008882
001905
008307
003946
008431
002292
001668
005335
005965
000941
000604
007093
008610
009900
004292
002619
005087
006666
008163
009868
001629
004788
009294
002543
000993
008731
006578
002620
007123
008983
005298
002944
003848
000663
005123
007369
003485
008852
004834
003622
001599
002887
004297
004603
007582
002777
001259
002726
009927
003791
008982
002472
002496
002569
005628
003104
007467
002021
005497
009105
001711
009329
003609
004600
002376
008037
000541
009018
009284
002871
006619
000352
001608
007679
001273
005238
004090
002819
002319
008466
004998
005960
002581
000463
004813
002638
001874
006457
007524
007165
000334
008643
002017
007728
003323
008224
004049
004698
008256
008287
006445
001516
008380
000955
005757
003223
001741
005139
001067
006058
002802
007324
000523
001114
000621
000659
005579
006351
001806
001240
005197
005475
000252
005336
003740
002110
006596
007595
002296
003974
010024
008077
006635
009947
001926
003529
000578
001164
001006
009485
007615
004710
001880
003504
006702
006411
006409
002973
005357
001872
003366
000408
000250
003556
003389
005111
001466
005725
000858
006712
006166
000935
007002
009034
004760
002163
008789
006181
009288
009612
001125
008485
009055
006070
002680
001550
007070
007509
001189
004375
009669
001986
004525
008052
001675
004487
001209
002238
000882
008859
004708
007832
003269
002791
002341
003155
002298
007234
003056
005395
001439
008374
000316
006904
004147
009644
000387
008762
001559
003403
009416
003669
001428
002671
006088
002629
008350
004731
009266
009832
002929
009684
002583
004478
003603
002277
000777
007813
009468
008378
009520
004018
007375
007299
007259
000480
005895
005636
007827
007631
003247
009597
001849
007350
003705
000074
008356
009225
004409
009751
008924
002510
000839
009003
000474
001429
007644
005637
005558
001358
008482
003915
006959
006913
001401
001150
004994
009723
001604
007175
008488
007073
008874
008511
006341
000746
009748
001996
008939
008872
009735
004116
003614
001293
001450
000035
003436
000206
001789
007075
001828
006293
002204
002202
004085
002721
004281
005905
008210
003160
009699
010058
005478
004690
004265
001980
009162
008775
006179
009231
007834
002460
000825
005888
000466
007437
008370
000741
009341
008638
008942
007208
009785
001650
009084
007602
008506
003913
002151
006608
002102
007492
003170
002361
005486
002644
000715
004408
006654
005641
000768
003525
004406
009964
009978
001331
004617
009280
006418
006290
004227
007814
002078
008976
001367
007406
007565
003027
002211
008611
000677
000101
000390
009498
000728
009938
005767
002634
005442
006514
003050
000651
008085
006981
000553
001247
001805
000181
001027
002169
002484
000852
000007
009656
004979
001096
001607
008012
000594
006004
003171
007843
009553
001199
003723
009965
000399
010018
008854
008560
005118
006158
009475
000033
003878
001381
004171
005146
007646
003062
001993
005535
000396
004843
001878
009431
008935
009479
005662
007791
000099
008018
008863
001003
006494
009240
004835
002598
009409
001644
004811
003780
005871
002035
009552
002600
000277
001341
007699
007385
009987
006730
000571
008796
005151
008279
003334
009582
009878
005057
001284
003406
006125
005126
009423
001300
000055
009746
003880
006624
006403
006370
003453
007081
008774
004118
004301
000494
010033
002713
007057
003858
004480
000511
000936
007643
002098
000679
007127
004344
007816
007706
000794
007855
008247
007331
001146
008887
005755
003689
003474
003777
009156
002127
004740
007085
004131
002907
003877
000491
009846
007495
009281
003601
002175
001063
006185
007372
007751
008167
003637
004150
002517
009891
008473
003373
001194
009915
000205
005329
009937
003057
006479
004162
006538
005676
002321
004719
002037
004995
004831
000986
004643
007758
001784
004250
006115
004790
008106
001969
006279
001472
007601
000648
008554
007771
007416
008403
006456
007790
003044
007301
005353
002930
004691
005776
006869
007066
004059
003952
006920
000658
002311
001573
005733
002045
004089
006861
010066
001172
006939
003729
000606
000718
005381
004557
003376
003810
008788
006691
007456
000287
004869
001887
006244
004667
006685
006903
003463
006622
007761
008147
009406
009647
001277
008969
007108
007089
006960
002949
000816
008864
001514
009050
000895
000039
004927
008267
003507
005534
007744
003178
008430
009293
008525
007658
004636
009495
002390
004599
006737
005203
000286
001316
004278
004509
005266
005067
003828
007928
008479
004954
001537
000615
005889
001706
003958
000435
000721
000893
006036
007533
006347
001670
003113
004628
005133
009744
002377
006897
001056
000066
007012
005943
005515
007501
008868
000932
009394
002662
002393
002604
005753
002739
006926
004882
003210
001352
006790
006441
002928
004310
004787
005404
006778
008710
001771
002088
000703
008780
000404
005086
000218
006546
001511
007026
003561
003902
001723
000346
009089
002038
000180
009843
007008
001320
004078
009121
001132
000543
009149
001544
006104
008311
009870
003399
009094
004446
008714
003566
000649
002701
005429
006332
008008
002461
003541
003903
003831
001343
001364
001333
001272
008444
006827
008364
007685
008993
007409
006198
005843
006777
003538
005134
006161
006175
003754
008674
003861
009797
005397
008314
005817
007992
004496
007612
001978
008936
001290
007737
004376
002325
008069
002338
007666
001281
000070
008536
007954
004351
005972
000791
003103
002574
005505
005430
000588
007117
007783
003528
005059
009100
000280
009765
005060
000956
002889
004860
006680
003252
002008
002179
006876
001142
002264
000241
009316
001534
002104
002807
006373
002794
004582
000028
001726
006653
004832
008051
000270
002740
001883
006283
000826
008797
004666
002314
004785
008912
000754
004866
001307
003348
005342
009533
002054
009262
001424
001765
003612
007355
002788
001713
003115
008433
008847
004734
000530
005281
006803
001204
006961
006141
004303
008101
009166
001379
004208
005529
006386
007782
008475
008726
006506
001984
009102
003979
006994
006820
002851
000761
008550
009117
009219
008704
007581
004649
008657
007998
005278
002205
005833
000026
001263
005685
006339
005317
006225
008023
009251
001778
003931
007401
009291
004440
006583
000467
001009
008116
000972
008850
003638
001182
005007
009438
004329
000355
004432
008082
004223
003666
006135
003182
007441
002982
006388
001801
002422
003588
005208
006055
008029
007083
004816
004175
006598
000503
003211
001409
006313
002857
009024
005251
009118
001131
009931
008895
004598
004541
005384
009132
002883
000159
004553
003498
002730
007684
005849
005402
000815
009086
000431
000048
006176
005899
005606
007005
000195
002994
000223
002646
002668
002515
002628
000135
001782
001202
009577
007030
006428
009489
007427
009430
009798
005185
000644
003649
006284
005452
007909
002096
009763
009477
005221
000150
001752
005547
004443
005813
008183
002651
006376
006642
002725
001810
001884
000912
004386
005046
000161
005654
000863
003702
000549
003016
007734
008460
003420
001136
009369
008571
009886
007652
009617
004050
008633
001960
009634
002686
007065
006729
006830
001517
003742
005850
000381
009923
008815
003628
003203
000141
000561
002956
002433
007001
000795
005506
001623
007956
001321
009695
008014
004743
000901
001760
003511
000747
009428
008273
005593
004717
000884
003470
008580
002697
006419
004810
008785
010013
008709
004328
004733
009890
006550
002707
007412
001104
000368
006553
006901
009865
010077
007548
001115
004182
006865
002799
004169
009072
007749
002138
006770
005021
006390
002695
005653
009654
008020
001770
002475
