000115
000466
000276
000984
001074
001327
000595
000418
000971
000626
000546
001141
001310
001216
000304
000082
001018
000953
000493
000557
000868
001257
001266
000800
000067
001146
000895
000431
000571
001124
000735
000850
000834
000458
001186
000697
000732
000189
001185
000612
000463
001273
000287
001166
000501
000104
001070
001068
000507
001253
000755
000777
000023
000364
000169
000006
000264
000906
000256
000005
000763
000677
001047
000475
001296
000259
000981
001100
000212
000810
001277
000959
000410
001057
000311
000014
000019
001229
000193
000994
000456
000496
001046
000746
001148
000583
000892
000531
000509
000974
000863
000630
001224
000218
000962
000369
000389
000731
000032
000360
001243
000269
000446
000604
000566
000792
000460
000372
000655
000678
000261
000706
001025
000991
001325
000633
001038
001049
000275
000073
000681
000754
000226
000479
000341
001183
001191
000530
001199
000820
000480
000890
001245
000272
001080
000560
000875
000756
001238
000545
001302
001106
000274
001045
000733
000174
000615
000076
000151
000401
000910
001026
000258
000015
000022
000753
000767
000969
000053
000883
000846
000562
000709
001256
001101
000371
001056
000315
001181
001268
000350
001202
000298
001020
000759
001123
000395
000867
001258
000393
000813
000457
000415
000095
000428
000554
000502
000052
000048
000013
000164
000326
001081
001006
000122
000197
000835
000606
000462
000990
000495
000190
000181
000291
001116
001034
000085
000142
001231
000033
001225
000961
001004
000429
000952
000191
000270
001172
000779
000726
001291
001044
001010
000886
001247
000257
000139
000789
000309
001063
000404
000400
000881
000852
000038
000533
000288
000600
001306
000221
000908
000461
000012
000927
001215
001309
000693
000176
000352
000379
000106
000786
000564
001304
000215
000170
000220
000103
000811
001317
000177
001196
001313
000520
000464
001052
000992
000526
000074
000897
000856
000249
000851
000125
000801
001115
000665
000829
000950
000671
000158
000769
000500
000650
000823
000155
000098
000966
000661
000359
001244
000232
000047
001250
000944
000876
000380
000119
000951
000486
000246
000937
000021
001157
001217
000024
000283
000153
000020
000427
001288
000670
000739
000348
000137
000541
000989
000148
001011
000747
001255
001039
000581
000873
000031
001096
001022
001105
000796
000331
000469
000310
000808
000784
000935
000342
000762
000091
000086
000941
001178
001323
001036
000268
001097
000946
000435
000621
001300
000778
000837
001320
000285
000051
000346
000228
000016
000039
000324
001147
000924
001200
000409
000964
000719
001023
000958
001260
000728
001005
000949
000204
000998
000544
000087
001161
000487
000373
000772
001001
000865
000900
000652
000680
000278
000872
000748
000172
000702
000825
001182
000506
001108
000993
000795
000247
000718
000445
000882
000390
000558
000528
000118
000919
000551
001072
000238
000227
000391
000942
000319
000715
000184
000701
000010
000004
001264
000289
000596
000083
001114
000383
000559
000209
000904
000975
001235
000740
000237
001082
000231
000077
001321
000343
000922
000150
001110
000668
000712
001165
001187
000912
000003
000374
000673
000216
000121
000866
000695
000659
000385
001016
000833
000225
001254
001270
001164
001065
000345
000893
000523
000658
000940
000494
000386
000271
001075
001058
000037
000653
000432
000419
000370
000207
000407
000281
000931
001103
001140
001305
000339
001073
000679
000029
000844
001174
000627
000687
000589
000973
001151
000632
000224
000127
000120
000587
000279
001251
001159
001099
000182
000396
001051
000938
000426
000691
000722
000664
001208
000841
000688
000263
000491
001120
001104
000292
001028
000572
000809
000915
000891
000977
001184
000452
000412
000637
001195
000332
000455
000492
000168
000068
000817
000646
000917
001127
000512
000802
000799
001094
000126
001111
000699
000529
001054
000430
000114
000438
001274
001030
000790
000196
000518
000750
001008
000848
000594
000337
001211
000213
000245
001236
000539
000467
001069
000154
000328
000028
000983
000742
000320
000843
000327
001179
000296
000265
000230
000723
000787
000482
001037
000392
000069
000093
001170
001134
001203
000703
000513
000340
000923
000552
000026
001315
000836
001295
000713
000932
000253
000838
000675
000743
000814
000749
000579
001125
000356
000957
000620
000711
001079
000388
001204
001223
000194
000899
001272
000301
000157
001193
001002
000222
000550
001153
000878
000472
000234
000302
000682
001263
000009
000770
000869
000056
000171
000007
000818
000316
000059
000144
000112
000025
000490
001086
000880
000293
000663
000947
000241
001232
000063
000405
000070
000101
001265
000929
000330
000945
000894
000521
001239
000477
000822
